1000
259 1030
1133 1345
188 344
203 770
513 1425
664 889
1325 1388
791 842
1335 1350
1144 1431
502 1115
1313 1403
607 983
1175 1264
1201 1425
1360 1425
1028 1054
1246 1288
1081 1194
227 1334
144 507
1299 1413
1039 1096
1009 1063
1419 1423
244 1421
316 1398
1252 1327
164 1231
1021 1335
866 868
771 1430
1294 1417
403 754
715 1095
648 1044
906 1338
48 78
1178 1211
112 699
1307 1422
415 819
240 1121
946 1078
1207 1348
54 1103
736 813
601 1158
240 987
450 1295
353 590
550 1398
132 1151
470 738
160 1314
489 1153
730 1019
445 1040
1319 1327
609 666
7 1037
513 930
276 357
1341 1435
609 796
100 1003
1288 1397
348 1231
297 357
789 1167
540 1170
607 1365
1214 1324
1260 1264
961 1093
733 889
1184 1269
326 708
1371 1409
729 1334
242 533
1256 1363
462 1287
1405 1418
299 775
788 1417
583 720
1154 1345
1434 1439
74 633
890 1265
320 603
1407 1416
830 887
85 708
189 900
1317 1371
425 744
1179 1248
1272 1283
52 110
133 646
744 1151
959 1176
488 1362
1083 1389
980 1157
1177 1363
647 654
747 1409
1185 1311
566 1183
151 669
297 809
1319 1366
73 592
150 1298
1146 1264
926 1040
399 1035
231 794
715 1390
668 829
393 1042
1323 1410
1240 1428
390 1013
1291 1368
526 603
208 1261
976 1349
838 1112
1410 1411
211 412
633 748
612 1335
760 790
416 1211
70 320
1213 1317
1205 1213
1002 1145
571 585
441 519
798 798
593 1249
877 1050
278 473
1082 1300
1185 1364
27 1344
779 1165
1151 1198
1039 1160
1217 1350
926 1090
459 823
594 1429
1224 1416
1112 1410
1213 1213
49 1038
1150 1390
641 1019
3 406
334 729
1267 1338
679 1147
138 391
1337 1396
57 1208
1292 1348
1106 1290
10 1066
324 1300
1070 1241
260 1032
1338 1421
713 1042
1403 1426
1155 1332
860 1057
851 1274
1434 1438
485 657
1368 1409
1157 1372
739 918
2 1017
1142 1199
584 1286
1258 1265
489 699
378 805
430 780
1398 1419
1390 1404
1417 1426
61 1416
375 511
1399 1417
1045 1290
824 977
1422 1428
750 1147
280 1036
634 1053
931 1273
662 1411
402 1269
1237 1375
1423 1426
1157 1436
1011 1422
864 1089
1381 1427
44 1250
1089 1268
1134 1301
1409 1418
1056 1117
1427 1431
1195 1354
640 680
1157 1248
803 1030
517 657
582 700
459 612
1288 1397
831 1065
548 1276
1083 1285
1259 1312
1377 1394
291 330
1110 1307
774 1118
1287 1426
776 1112
700 862
1377 1430
64 1032
975 1241
518 534
386 867
1159 1433
1049 1266
996 1096
275 689
1086 1228
1319 1383
807 1280
865 1382
108 1340
187 1100
672 682
642 777
1042 1179
62 641
1165 1268
688 867
1085 1398
730 1144
74 1253
790 1340
1060 1115
575 1275
448 904
870 982
281 460
1265 1353
265 936
712 789
342 939
683 982
621 653
289 1439
669 1002
1430 1430
1219 1369
769 1217
777 1102
1391 1404
841 1369
1367 1397
96 398
128 374
1355 1373
374 1090
381 496
51 1273
807 854
777 1271
569 1088
38 465
1284 1333
978 1164
1132 1349
1055 1378
643 729
61 732
1168 1250
169 476
1024 1220
948 1251
1294 1333
11 131
585 1333
501 1348
10 1226
404 1400
586 927
598 1370
753 967
1165 1288
349 1323
189 584
72 215
629 1401
1010 1303
789 926
792 1199
766 1282
479 800
111 860
794 1121
872 1271
1107 1289
1105 1262
176 943
418 1403
1382 1431
1116 1373
962 1185
1146 1292
53 1182
1208 1224
452 1346
301 897
457 1375
900 1429
833 972
332 1064
1353 1375
1273 1287
6 85
806 1363
1083 1312
461 964
141 893
263 935
686 1304
1210 1431
1152 1173
731 1406
619 693
1383 1429
523 970
35 1194
1435 1438
542 1245
783 1227
115 636
1379 1380
874 942
1205 1392
888 1057
817 1380
895 1312
699 1209
429 564
760 1099
476 827
405 1091
1019 1404
919 1191
1256 1366
230 872
677 1122
1207 1338
263 812
764 849
1058 1421
420 650
854 1235
823 922
1298 1375
1078 1426
1433 1433
858 1037
21 902
843 880
1386 1393
1005 1349
1206 1300
948 1221
754 1153
602 698
414 1413
1143 1187
1316 1378
758 1390
355 775
1075 1275
734 936
37 266
655 840
1212 1346
262 922
382 928
721 1288
503 805
1269 1440
790 1316
923 1330
749 1281
1358 1376
687 1228
28 1326
60 863
1027 1027
156 1167
172 848
305 1167
404 1238
1415 1417
557 902
265 314
261 944
135 584
1111 1192
812 1044
1203 1301
791 940
318 1372
241 1019
687 936
200 747
425 544
1061 1065
1057 1327
482 625
968 977
1212 1297
777 867
629 834
93 185
158 1410
13 30
816 1126
96 1095
607 1050
907 1250
819 988
26 1016
442 627
1056 1299
939 1167
15 620
1284 1433
1388 1428
710 887
303 919
172 912
1114 1321
751 1337
310 1033
404 951
1132 1171
1207 1295
1169 1300
472 1108
328 932
1346 1422
883 1420
359 1042
201 1240
38 780
314 489
1122 1227
470 1028
29 1150
182 539
1132 1277
1134 1253
972 1378
885 959
87 1158
1395 1437
181 187
360 666
20 318
860 982
583 1302
155 1413
480 793
1410 1428
1182 1368
807 1393
1081 1362
1249 1377
725 1357
980 1114
489 509
729 1141
486 1411
1236 1320
996 1087
491 918
1237 1284
899 1209
1025 1123
1323 1362
362 1130
896 1338
1385 1431
1281 1292
233 828
264 1292
222 1080
779 1307
221 925
413 814
338 811
559 1244
542 1107
439 705
1052 1171
92 888
1176 1426
311 652
76 518
38 1119
1145 1428
1207 1354
685 1116
60 809
1388 1389
1194 1401
1292 1361
379 1261
381 1174
1412 1413
849 1404
825 1326
1044 1226
638 888
897 1230
1207 1255
197 573
1047 1239
528 1220
38 743
815 1291
826 1417
1 972
1260 1349
1238 1267
461 1015
1251 1414
1431 1434
1089 1392
143 209
766 858
1094 1276
636 1304
8 405
835 1309
1028 1377
1289 1300
1367 1409
185 1344
1257 1430
707 1073
1305 1329
693 1060
1108 1174
905 1399
485 1199
683 1151
1226 1242
1183 1403
1211 1398
367 1221
710 1350
715 1109
505 970
589 701
1115 1165
777 1305
1051 1147
516 582
1055 1069
1389 1436
820 1201
1165 1430
838 1203
709 870
504 527
730 1159
809 846
1031 1049
1194 1308
81 806
704 796
282 635
50 1175
791 1199
1266 1432
1132 1192
523 896
417 1100
1149 1270
1175 1295
91 1052
1224 1395
577 1272
331 837
668 1074
966 1006
1359 1397
1131 1187
368 751
78 1113
620 1396
45 54
705 815
1044 1268
397 1181
1399 1403
709 1103
594 637
904 1361
1110 1119
863 1107
489 1324
1005 1331
156 930
680 1282
827 1148
986 1053
1398 1401
1029 1120
127 1104
985 1031
1116 1142
813 1120
1149 1264
1243 1292
710 1340
476 543
477 480
593 1242
1049 1074
239 344
318 1437
549 1339
436 1036
365 1022
191 713
840 922
60 1049
257 520
532 539
493 1304
70 935
1043 1410
1267 1373
522 1341
671 865
67 313
47 1190
827 1401
1345 1371
1363 1401
1358 1380
1154 1156
215 1358
1363 1398
1239 1292
299 715
761 1229
879 1044
318 1060
27 611
1261 1341
570 650
1147 1435
1127 1323
631 712
247 1024
738 958
1143 1215
236 1104
1100 1172
1406 1436
633 1176
1231 1428
482 499
793 1010
1066 1388
753 1376
145 869
17 613
336 598
1295 1359
1211 1409
688 863
1174 1391
400 982
321 419
16 557
893 1056
1357 1408
74 333
1402 1416
610 811
270 1326
712 1412
1319 1439
1272 1409
540 1039
593 1105
1337 1363
662 1039
550 1168
984 1259
20 695
366 517
400 645
455 1037
325 1168
1367 1394
94 872
1036 1157
927 1339
1238 1238
918 1065
902 1154
356 927
346 1053
41 1157
70 1270
1208 1321
609 842
524 811
1246 1288
1052 1227
430 1307
1046 1193
1280 1362
810 910
905 1223
663 1005
194 1084
26 579
423 1121
616 1099
455 717
577 686
22 48
1195 1391
634 643
18 335
1212 1295
1231 1241
515 630
581 700
52 1130
1367 1421
968 1044
559 1308
1434 1435
410 830
861 1131
1155 1312
418 876
840 936
493 1374
1096 1406
1403 1411
737 1327
376 525
1088 1366
1414 1433
1121 1278
1316 1346
6 424
1431 1431
136 1248
427 522
1111 1111
38 72
1243 1404
1169 1200
184 631
411 1179
762 1281
902 1358
644 812
1297 1361
303 522
1101 1418
220 756
671 971
122 847
758 961
140 697
703 994
632 1406
452 734
385 486
1025 1400
878 948
799 1332
789 965
759 1048
1384 1434
496 622
1180 1295
713 1003
892 1199
647 1358
107 763
1278 1376
356 1344
841 1296
401 1158
638 849
1137 1193
1042 1421
10 449
1237 1437
484 1179
1097 1232
230 1107
1296 1382
241 1058
617 855
13 216
1137 1397
430 1350
1150 1290
329 800
649 898
1389 1425
1407 1423
113 215
227 947
1049 1432
688 1411
481 904
709 936
907 1266
223 874
436 526
1053 1435
1211 1304
164 438
562 847
1235 1398
8 485
1264 1288
578 1247
381 682
1256 1361
340 1354
621 1410
1354 1436
760 1252
458 530
834 937
918 1399
812 1146
630 988
179 1153
141 1294
497 732
919 1319
1327 1413
1 321
288 1236
962 1308
1400 1437
1375 1413
951 1268
812 875
1043 1365
655 998
907 1172
247 524
814 1033
27 1236
1193 1433
451 1277
1052 1164
142 285
915 1274
415 1380
400 1346
143 383
683 915
372 1214
423 908
787 1082
799 835
1277 1347
687 816
812 1021
50 418
582 1437
70 1029
733 852
771 988
629 915
381 630
61 915
870 1360
479 1265
651 753
1285 1332
225 942
842 1436
1114 1215
1097 1414
1056 1146
820 918
443 498
1140 1279
429 836
885 1173
811 1245
1410 1426
998 1230
1008 1108
1305 1311
1009 1215
1241 1317
539 1238
1187 1213
126 867
230 1236
978 1419
402 1120
1156 1335
24 894
135 261
694 1420
976 1006
798 1251
438 616
1330 1360
590 1050
404 526
57 1035
1430 1430
634 736
93 1046
1160 1326
1132 1255
900 1144
1214 1362
333 1174
700 893
473 1353
420 996
920 1382
1142 1224
265 1387
893 1008
127 415
592 735
978 1292
1433 1440
609 1251
306 1255
103 508
1282 1384
608 658
1271 1372
74 368
862 902
394 823
979 1065
128 1201
912 943
1245 1437
1056 1056
1202 1307
380 670
931 1438
871 1017
1253 1302
119 723
573 899
780 1324
892 922
642 653
1295 1388
